1724841003861 0.5042856931686401 0
1724841028517 0.4892857074737549 1
1724841052329 0.5307142734527588 2
1724841100336 0.5478571653366089 0
1724841125495 0.5592857003211975 1
1724841151320 0.6000000238418579 2
1724841189984 0.5471428632736206 0
1724841216889 0.5678571462631226 1
1724841245058 0.6000000238418579 2
1724841274543 0.5042856931686401 0
1724841299102 0.49642857909202576 1
1724841323255 0.508571445941925 2
1724841352585 0.5314285755157471 0
1724841376371 0.5578571557998657 1
1724841399823 0.5878571271896362 2
