1724841003861 4.992638111114502 0
1724841028517 4.594655513763428 1
1724841052329 4.224570274353027 2
1724841100336 1.381797194480896 0
1724841125495 0.9558722972869873 1
1724841151320 0.8131041526794434 2
1724841189984 1.2610524892807007 0
1724841216889 1.0346301794052124 1
1724841245058 0.946368396282196 2
1724841274543 3.3106601238250732 0
1724841299102 1.1767115592956543 1
1724841323255 1.020936131477356 2
1724841352585 13.152497291564941 0
1724841376371 11.855428695678711 1
1724841399823 10.708169937133789 2
