1724841003861 9.999999747378752e-05 0
1724841028517 9.999999747378752e-05 1
1724841052329 9.999999747378752e-05 2
1724841100336 0.0010000000474974513 0
1724841125495 0.0010000000474974513 1
1724841151320 0.0010000000474974513 2
1724841189984 0.0010000000474974513 0
1724841216889 0.0010000000474974513 1
1724841245058 0.0010000000474974513 2
1724841274543 0.009999999776482582 0
1724841299102 0.009999999776482582 1
1724841323255 0.009999999776482582 2
1724841352585 9.999999747378752e-05 0
1724841376371 9.999999747378752e-05 1
1724841399823 9.999999747378752e-05 2
