1724841003861 0.5042856931686401 0
1724841028517 0.48959776759147644 1
1724841052329 0.5313868522644043 2
1724841100336 0.547925591468811 0
1724841125495 0.5583685040473938 1
1724841151320 0.6035503149032593 2
1724841189984 0.5482456088066101 0
1724841216889 0.5671852827072144 1
1724841245058 0.5994318127632141 2
1724841274543 0.5040431022644043 0
1724841299102 0.4965132474899292 1
1724841323255 0.5076726078987122 2
1724841352585 0.5310734510421753 0
1724841376371 0.5594713687896729 1
1724841399823 0.5834463834762573 2
