1724841003861 0.5042856931686401 0
1724841028517 0.5042856931686401 1
1724841052329 0.5199999809265137 2
1724841100336 0.5471428632736206 0
1724841125495 0.5671428442001343 1
1724841151320 0.5828571319580078 2
1724841189984 0.5357142686843872 0
1724841216889 0.572857141494751 1
1724841245058 0.6028571724891663 2
1724841274543 0.5342857241630554 0
1724841299102 0.508571445941925 1
1724841323255 0.5671428442001343 2
1724841352585 0.5371428728103638 0
1724841376371 0.5442857146263123 1
1724841399823 0.6142857074737549 2
